 Tev(Myr)    type      Mo        Mt      log10(L)  log10(R) log10(Teff)  Mc        Menv              epoch      spin                                  
    0.0000    1.0000  100.0000  100.0000    6.1040    1.2362    4.6712    0.0000  1.0000E-10      0.0000  4.3541E+02
    0.1341    1.0000   99.0000   99.0000    6.1053    1.2473    4.6659    0.0000  1.0000E-10      0.0000  3.9328E+02
    0.2639    1.0000   98.0100   98.0100    6.1068    1.2579    4.6610    0.0000  1.0000E-10     -0.0003  3.5443E+02
    0.3895    1.0000   97.0299   97.0299    6.1083    1.2681    4.6563    0.0000  1.0000E-10     -0.0008  3.1865E+02
    0.5112    1.0000   96.0596   96.0596    6.1100    1.2780    4.6518    0.0000  1.0000E-10     -0.0016  2.8577E+02
    0.6290    1.0000   95.0990   95.0990    6.1118    1.2876    4.6474    0.0000  1.0000E-10     -0.0027  2.5561E+02
    0.7433    1.0000   94.1480   94.1480    6.1136    1.2970    4.6432    0.0000  1.0000E-10     -0.0041  2.2800E+02
    0.8540    1.0000   93.2065   93.2065    6.1154    1.3063    4.6390    0.0000  1.0000E-10     -0.0057  2.0280E+02
    0.9614    1.0000   92.2745   92.2745    6.1172    1.3155    4.6348    0.0000  1.0000E-10     -0.0076  1.7985E+02
    1.0655    1.0000   91.3517   91.3517    6.1189    1.3246    4.6307    0.0000  1.0000E-10     -0.0098  1.5901E+02
    1.1665    1.0000   90.4382   90.4382    6.1206    1.3336    4.6266    0.0000  1.0000E-10     -0.0122  1.4015E+02
    1.2645    1.0000   89.5338   89.5338    6.1222    1.3426    4.6225    0.0000  1.0000E-10     -0.0149  1.2313E+02
    1.3597    1.0000   88.6385   88.6385    6.1237    1.3516    4.6184    0.0000  1.0000E-10     -0.0179  1.0782E+02
    1.4521    1.0000   87.7521   87.7521    6.1250    1.3606    4.6142    0.0000  1.0000E-10     -0.0211  9.4090E+01
    1.5418    1.0000   86.8746   86.8746    6.1263    1.3696    4.6101    0.0000  1.0000E-10     -0.0247  8.1827E+01
    1.6290    1.0000   86.0058   86.0058    6.1274    1.3786    4.6058    0.0000  1.0000E-10     -0.0285  7.0909E+01
    1.7137    1.0000   85.1458   85.1458    6.1284    1.3877    4.6015    0.0000  1.0000E-10     -0.0325  6.1223E+01
    1.7961    1.0000   84.2943   84.2943    6.1293    1.3969    4.5971    0.0000  1.0000E-10     -0.0369  5.2660E+01
    1.8762    1.0000   83.4514   83.4514    6.1300    1.4062    4.5927    0.0000  1.0000E-10     -0.0415  4.5118E+01
    1.9540    1.0000   82.6169   82.6169    6.1306    1.4156    4.5881    0.0000  1.0000E-10     -0.0464  3.8499E+01
    2.0298    1.0000   81.7907   81.7907    6.1310    1.4251    4.5834    0.0000  1.0000E-10     -0.0516  3.2712E+01
    2.1036    1.0000   80.9728   80.9728    6.1312    1.4349    4.5786    0.0000  1.0000E-10     -0.0571  2.7672E+01
    2.1753    1.0000   80.1631   80.1631    6.1313    1.4449    4.5736    0.0000  1.0000E-10     -0.0628  2.3300E+01
    2.2451    1.0000   79.3614   79.3614    6.1312    1.4551    4.5685    0.0000  1.0000E-10     -0.0688  1.9523E+01
    2.3131    1.0000   78.5678   78.5678    6.1309    1.4657    4.5632    0.0000  1.0000E-10     -0.0752  1.6274E+01
    2.3792    1.0000   77.7821   77.7821    6.1304    1.4766    4.5576    0.0000  1.0000E-10     -0.0818  1.3491E+01
    2.4435    1.0000   77.0043   77.0043    6.1298    1.4879    4.5518    0.0000  1.0000E-10     -0.0887  1.1120E+01
    2.5060    1.0000   76.2343   76.2343    6.1290    1.4997    4.5457    0.0000  1.0000E-10     -0.0959  9.1096E+00
    2.5668    1.0000   75.4719   75.4719    6.1280    1.5120    4.5393    0.0000  1.0000E-10     -0.1033  7.4142E+00
    2.6259    1.0000   74.7172   74.7172    6.1269    1.5248    4.5326    0.0000  1.0000E-10     -0.1111  5.9929E+00
    2.6834    1.0000   73.9700   73.9700    6.1255    1.5383    4.5255    0.0000  1.0000E-10     -0.1192  4.8090E+00
    2.7391    1.0000   73.2303   73.2303    6.1240    1.5523    4.5181    0.0000  1.0000E-10     -0.1276  3.8295E+00
    2.7931    1.0000   72.4980   72.4980    6.1223    1.5671    4.5103    0.0000  1.0000E-10     -0.1363  3.0251E+00
    2.8456    1.0000   71.7731   71.7731    6.1203    1.5825    4.5021    0.0000  1.0000E-10     -0.1453  2.3696E+00
    2.8963    1.0000   71.0553   71.0553    6.1182    1.5986    4.4935    0.0000  1.0000E-10     -0.1546  1.8400E+00
    2.9455    1.0000   70.3448   70.3448    6.1159    1.6154    4.4846    0.0000  1.0000E-10     -0.1642  1.4158E+00
    2.9931    1.0000   69.6413   69.6413    6.1134    1.6329    4.4752    0.0000  1.0000E-10     -0.1741  1.0793E+00
    3.0390    1.0000   68.9449   68.9449    6.1107    1.6511    4.4654    0.0000  1.0000E-10     -0.1843  8.1489E-01
    3.0834    1.0000   68.2555   68.2555    6.1078    1.6699    4.4553    0.0000  1.0000E-10     -0.1949  6.0928E-01
    3.1263    1.0000   67.5729   67.5729    6.1047    1.6894    4.4448    0.0000  1.0000E-10     -0.2058  4.5108E-01
    3.1677    1.0000   66.8972   66.8972    6.1014    1.7094    4.4339    0.0000  1.0000E-10     -0.2170  3.3065E-01
    3.2075    1.0000   66.2282   66.2282    6.0979    1.7300    4.4227    0.0000  1.0000E-10     -0.2285  2.3999E-01
    3.2460    1.0000   65.5659   65.5659    6.0943    1.7511    4.4113    0.0000  1.0000E-10     -0.2403  1.7247E-01
    3.2830    1.0000   64.9103   64.9103    6.0904    1.7726    4.3996    0.0000  1.0000E-10     -0.2525  1.2275E-01
    3.3186    1.0000   64.2612   64.2612    6.0864    1.7945    4.3876    0.0000  1.0000E-10     -0.2649  8.6538E-02
    3.3530    1.0000   63.6185   63.6185    6.0822    1.8167    4.3755    0.0000  1.0000E-10     -0.2778  6.0443E-02
    3.3860    1.0000   62.9824   62.9824    6.0778    1.8391    4.3632    0.0000  1.0000E-10     -0.2909  4.1838E-02
    3.4179    1.0000   62.3525   62.3525    6.0733    1.8617    4.3507    0.0000  1.0000E-10     -0.3044  2.8709E-02
    3.4485    1.0000   61.7290   61.7290    6.0686    1.8844    4.3382    0.0000  1.0000E-10     -0.3182  1.9536E-02
    3.4780    1.0000   61.1117   61.1117    6.0641    1.9070    4.3258    0.0000  1.0000E-10     -0.3324  1.3197E-02
    3.4910    1.0000   60.8340   60.8340    6.0668    1.9046    4.3277    0.0000  1.0000E-10     -0.3389  1.1719E-02
    3.4991    1.0000   60.6597   60.6597    6.0717    1.8820    4.3402    0.0000  1.0000E-10     -0.3431  1.1824E-02
    3.5051    1.0000   60.5339   60.5339    6.0770    1.8487    4.3582    0.0000  1.0000E-10     -0.3461  1.2721E-02
    3.5099    1.0000   60.4382   60.4382    6.0823    1.8094    4.3791    0.0000  1.0000E-10     -0.3484  1.4183E-02
    3.5128    1.0000   60.3837   60.3837    6.0860    1.7795    4.3950    0.0000  1.0000E-10     -0.3497  1.5522E-02
    3.5128    1.0000   60.3837   60.3837    6.0860    1.7795    4.3950    0.0000  1.0000E-10     -0.3497  1.5522E-02
    3.5128    2.0000   60.3836   60.3836    6.0860    1.7651    4.4022   24.4166  1.0000E-10     -0.3497  2.7378E-02
    3.5129    2.0000   60.3836   60.3799    6.0853    1.8062    4.3815   24.4288  1.0000E-10     -0.3497  2.3444E-02
    3.5130    2.0000   60.3836   60.3762    6.0847    1.8472    4.3609   24.4411  1.0000E-10     -0.3497  2.0019E-02
    3.5131    2.0000   60.3836   60.3725    6.0841    1.8883    4.3402   24.4533  1.0000E-10     -0.3497  1.7050E-02
    3.5132    2.0000   60.3836   60.3688    6.0835    1.9293    4.3195   24.4656  1.0000E-10     -0.3497  1.4487E-02
    3.5132    2.0000   60.3836   60.3651    6.0829    1.9704    4.2988   24.4779  1.0000E-10     -0.3497  1.2283E-02
    3.5133    2.0000   60.3836   60.3611    6.0823    2.0114    4.2782   24.4901  1.0000E-10     -0.3497  1.0392E-02
    3.5134    2.0000   60.3836   60.3365    6.0817    2.0524    4.2575   24.5024  1.0000E-10     -0.3497  8.6316E-03
    3.5135    2.0000   60.3836   60.1976    6.0811    2.0935    4.2368   24.5146  1.0000E-10     -0.3497  6.4728E-03
    3.5136    2.0000   60.3836   59.7307    6.0805    2.1347    4.2160   24.5269  1.0000E-10     -0.3497  3.3063E-03
    3.5137    2.0000   60.3836   59.1334    6.0802    2.1554    4.2056   24.5330  1.0000E-10     -0.3497  1.4417E-03
    3.5137    2.0000   60.3836   58.5420    6.0800    2.1691    4.1987   24.5371  1.0000E-10     -0.3497  6.3449E-04
    3.5137    2.0000   60.3836   57.9566    6.0799    2.1798    4.1933   24.5402  1.0000E-10     -0.3497  2.7831E-04
    3.5138    2.0000   60.3836   57.3770    6.0797    2.1886    4.1889   24.5427  1.0000E-10     -0.3497  1.2119E-04
    3.5138    2.0000   60.3836   56.8033    6.0796    2.1961    4.1851   24.5449  1.0000E-10     -0.3497  5.2295E-05
    3.5138    2.0000   60.3836   56.2352    6.0795    2.2028    4.1818   24.5468  1.0000E-10     -0.3497  2.2335E-05
    3.5138    2.0000   60.3836   55.6729    6.0794    2.2087    4.1788   24.5485  1.0000E-10     -0.3497  9.4338E-06
    3.5138    2.0000   60.3836   55.1162    6.0794    2.2141    4.1761   24.5500  1.0000E-10     -0.3497  3.9379E-06
    3.5138    2.0000   60.3836   54.5650    6.0793    2.2190    4.1736   24.5514  1.0000E-10     -0.3497  1.6235E-06
    3.5138    2.0000   60.3836   54.0193    6.0792    2.2235    4.1713   24.5527  1.0000E-10     -0.3497  6.6068E-07
    3.5138    2.0000   60.3836   53.4791    6.0792    2.2277    4.1692   24.5539  1.0000E-10     -0.3497  2.6525E-07
    3.5139    2.0000   60.3836   52.9444    6.0791    2.2317    4.1672   24.5550  1.0000E-10     -0.3497  1.0500E-07
    3.5139    2.0000   60.3836   52.4149    6.0791    2.2353    4.1654   24.5560  1.0000E-10     -0.3497  4.0953E-08
    3.5139    2.0000   60.3836   51.8908    6.0790    2.2388    4.1636   24.5569  1.0000E-10     -0.3497  1.5730E-08
    3.5139    2.0000   60.3836   51.3719    6.0790    2.2421    4.1620   24.5579  1.0000E-10     -0.3497  5.9460E-09
    3.5139    2.0000   60.3836   50.8581    6.0789    2.2452    4.1604   24.5587  1.0000E-10     -0.3497  2.2103E-09
    3.5139    2.0000   60.3836   50.3496    6.0789    2.2482    4.1589   24.5595  1.0000E-10     -0.3497  8.0740E-10
    3.5139    2.0000   60.3836   49.8461    6.0789    2.2510    4.1575   24.5603  1.0000E-10     -0.3497  2.8960E-10
    3.5139    2.0000   60.3836   49.3476    6.0788    2.2537    4.1561   24.5610  1.0000E-10     -0.3497  1.0190E-10
    3.5139    2.0000   60.3836   48.8541    6.0788    2.2562    4.1549   24.5617  1.0000E-10     -0.3497  3.5145E-11
    3.5139    2.0000   60.3836   48.3656    6.0788    2.2587    4.1536   24.5624  1.0000E-10     -0.3497  1.1869E-11
    3.5139    2.0000   60.3836   47.8819    6.0787    2.2610    4.1524   24.5630  1.0000E-10     -0.3497  3.9203E-12
    3.5139    2.0000   60.3836   47.4031    6.0787    2.2633    4.1513   24.5636  1.0000E-10     -0.3497  1.2650E-12
    3.5139    2.0000   60.3836   46.9291    6.0787    2.2655    4.1502   24.5642  1.0000E-10     -0.3497  3.9829E-13
    3.5139    2.0000   60.3836   46.4598    6.0786    2.2675    4.1492   24.5648  1.0000E-10     -0.3497  1.2218E-13
    3.5139    2.0000   60.3836   45.9952    6.0786    2.2695    4.1481   24.5653  1.0000E-10     -0.3497  3.6462E-14
    3.5139    2.0000   60.3836   45.5352    6.0786    2.2715    4.1472   24.5658  1.0000E-10     -0.3497  1.0567E-14
    3.5139    2.0000   60.3836   45.0799    6.0786    2.2733    4.1462   24.5663  1.0000E-10     -0.3497  6.9192E-15
    3.5140    2.0000   60.3836   44.6291    6.0785    2.2751    4.1453   24.5668  1.0000E-10     -0.3497  7.0214E-15
    3.5140    2.0000   60.3836   44.1828    6.0785    2.2769    4.1445   24.5673  1.0000E-10     -0.3497  7.1290E-15
    3.5140    2.0000   60.3836   43.7410    6.0785    2.2785    4.1436   24.5678  1.0000E-10     -0.3497  7.2421E-15
    3.5140    2.0000   60.3836   43.3036    6.0785    2.2801    4.1428   24.5682  1.0000E-10     -0.3497  7.3611E-15
    3.5140    2.0000   60.3836   42.8705    6.0784    2.2817    4.1420   24.5686  1.0000E-10     -0.3497  7.4860E-15
    3.5140    2.0000   60.3836   42.4418    6.0784    2.2832    4.1413   24.5690  1.0000E-10     -0.3497  7.6173E-15
    3.5140    2.0000   60.3836   42.0174    6.0784    2.2846    4.1406   24.5694  1.0000E-10     -0.3497  7.7551E-15
    3.5140    2.0000   60.3836   41.5972    6.0784    2.2860    4.1399   24.5698  1.0000E-10     -0.3497  7.8998E-15
    3.5140    2.0000   60.3836   41.1813    6.0784    2.2874    4.1392   24.5702  1.0000E-10     -0.3497  8.0518E-15
    3.5140    2.0000   60.3836   40.7694    6.0784    2.2887    4.1385   24.5706  1.0000E-10     -0.3497  8.2114E-15
    3.5140    2.0000   60.3836   40.3617    6.0783    2.2899    4.1379   24.5710  1.0000E-10     -0.3497  8.3791E-15
    3.5140    2.0000   60.3836   39.9581    6.0783    2.2911    4.1373   24.5713  1.0000E-10     -0.3497  8.5554E-15
    3.5140    2.0000   60.3836   39.5585    6.0783    2.2923    4.1367   24.5716  1.0000E-10     -0.3497  8.7407E-15
    3.5140    2.0000   60.3836   39.1630    6.0783    2.2934    4.1361   24.5720  1.0000E-10     -0.3497  8.9356E-15
    3.5140    2.0000   60.3836   38.7713    6.0783    2.2944    4.1356   24.5723  1.0000E-10     -0.3497  9.1407E-15
    3.5140    2.0000   60.3836   38.3836    6.0783    2.2955    4.1351   24.5726  1.0000E-10     -0.3497  9.3568E-15
    3.5140    2.0000   60.3836   37.9998    6.0782    2.2964    4.1346   24.5729  1.0000E-10     -0.3497  9.5845E-15
    3.5140    2.0000   60.3836   37.6198    6.0782    2.2974    4.1341   24.5732  1.0000E-10     -0.3497  9.8247E-15
    3.5140    2.0000   60.3836   37.2436    6.0782    2.2983    4.1337   24.5735  1.0000E-10     -0.3497  1.0078E-14
    3.5140    2.0000   60.3836   36.8712    6.0782    2.2991    4.1333   24.5738  1.0000E-10     -0.3497  1.0346E-14
    3.5140    2.0000   60.3836   36.5024    6.0782    2.2999    4.1329   24.5741  1.0000E-10     -0.3497  1.0630E-14
    3.5140    2.0000   60.3836   36.1374    6.0782    2.3007    4.1325   24.5744  1.0000E-10     -0.3497  1.0930E-14
    3.5140    2.0000   60.3836   35.7760    6.0782    2.3014    4.1321   24.5747  1.0000E-10     -0.3497  1.1249E-14
    3.5140    2.0000   60.3836   35.4183    6.0781    2.3020    4.1318   24.5749  1.0000E-10     -0.3497  1.1587E-14
    3.5140    2.0000   60.3836   35.0641    6.0781    2.3027    4.1315   24.5752  1.0000E-10     -0.3497  1.1947E-14
    3.5140    2.0000   60.3836   34.7135    6.0781    2.3032    4.1312   24.5755  1.0000E-10     -0.3497  1.2330E-14
    3.5140    2.0000   60.3836   34.3663    6.0781    2.3037    4.1309   24.5757  1.0000E-10     -0.3497  1.2739E-14
    3.5140    2.0000   60.3836   34.0227    6.0781    2.3042    4.1307   24.5760  1.0000E-10     -0.3497  1.3175E-14
    3.5140    2.0000   60.3836   33.6824    6.0781    2.3046    4.1305   24.5762  1.0000E-10     -0.3497  1.3643E-14
    3.5140    2.0000   60.3836   33.3456    6.0781    2.3050    4.1303   24.5765  1.0000E-10     -0.3497  1.4145E-14
    3.5140    2.0000   60.3836   33.0122    6.0781    2.3053    4.1301   24.5767  1.0000E-10     -0.3497  1.4684E-14
    3.5140    2.0000   60.3836   32.6820    6.0780    2.3056    4.1300   24.5769  1.0000E-10     -0.3497  1.5265E-14
    3.5140    2.0000   60.3836   32.3552    6.0780    2.3057    4.1299   24.5772  1.0000E-10     -0.3497  1.5893E-14
    3.5140    2.0000   60.3836   32.0317    6.0780    2.3059    4.1298   24.5774  1.0000E-10     -0.3497  1.6573E-14
    3.5140    2.0000   60.3836   31.7113    6.0780    2.3059    4.1298   24.5776  1.0000E-10     -0.3497  1.7311E-14
    3.5140    2.0000   60.3836   31.3942    6.0780    2.3059    4.1298   24.5779  1.0000E-10     -0.3497  1.8117E-14
    3.5140    2.0000   60.3836   31.0803    6.0780    2.3058    4.1299   24.5781  1.0000E-10     -0.3497  1.8997E-14
    3.5140    2.0000   60.3836   30.7695    6.0780    2.3057    4.1299   24.5783  1.0000E-10     -0.3497  1.9963E-14
    3.5140    2.0000   60.3836   30.4618    6.0780    2.3054    4.1301   24.5785  1.0000E-10     -0.3497  2.1028E-14
    3.5140    2.0000   60.3836   30.1572    6.0780    2.3050    4.1302   24.5787  1.0000E-10     -0.3497  2.2207E-14
    3.5140    2.0000   60.3836   29.8556    6.0779    2.3046    4.1305   24.5790  1.0000E-10     -0.3497  2.3519E-14
    3.5140    2.0000   60.3836   29.5570    6.0779    2.3040    4.1307   24.5792  1.0000E-10     -0.3497  2.4986E-14
    3.5141    2.0000   60.3836   29.2615    6.0779    2.3033    4.1311   24.5794  1.0000E-10     -0.3497  2.6637E-14
    3.5141    2.0000   60.3836   28.9689    6.0779    2.3025    4.1315   24.5796  1.0000E-10     -0.3497  2.8508E-14
    3.5141    2.0000   60.3836   28.6792    6.0779    2.3015    4.1320   24.5798  1.0000E-10     -0.3497  3.0643E-14
    3.5141    2.0000   60.3836   28.3924    6.0779    2.3003    4.1326   24.5800  1.0000E-10     -0.3497  3.3102E-14
    3.5141    2.0000   60.3836   28.1085    6.0779    2.2989    4.1333   24.5802  1.0000E-10     -0.3497  3.5962E-14
    3.5141    2.0000   60.3836   27.8274    6.0779    2.2973    4.1341   24.5805  1.0000E-10     -0.3497  3.9325E-14
    3.5141    2.0000   60.3836   27.5491    6.0779    2.2955    4.1350   24.5807  1.0000E-10     -0.3497  4.3333E-14
    3.5141    2.0000   60.3836   27.2736    6.0778    2.2933    4.1361   24.5809  1.0000E-10     -0.3497  4.8183E-14
    3.5141    2.0000   60.3836   27.0009    6.0778    2.2907    4.1374   24.5811  1.0000E-10     -0.3497  5.4166E-14
    3.5141    2.0000   60.3836   26.7309    6.0778    2.2876    4.1389   24.5814  1.0000E-10     -0.3497  6.1713E-14
    3.5141    2.0000   60.3836   26.4636    6.0778    2.2839    4.1408   24.5816  1.0000E-10     -0.3497  7.1511E-14
    3.5141    2.0000   60.3836   26.1989    6.0778    2.2792    4.1431   24.5819  1.0000E-10     -0.3497  8.4710E-14
    3.5141    2.0000   60.3836   25.9369    6.0778    2.2733    4.1461   24.5821  1.0000E-10     -0.3497  1.0340E-13
    3.5141    2.0000   60.3836   25.6776    6.0778    2.2652    4.1501   24.5824  1.0000E-10     -0.3497  1.3183E-13
    3.5141    2.0000   60.3836   25.4208    6.0777    2.2528    4.1563   24.5827  1.0000E-10     -0.3497  1.8035E-13
    3.5141    2.0000   60.3836   25.1666    6.0776    2.2274    4.1690   24.5831  1.0000E-10     -0.3497  2.8400E-13
    3.5141    2.0000   60.3836   24.9149    6.0772    2.1261    4.2195   24.5836  1.0000E-10     -0.3497  7.1633E-13
    3.5141    2.0000   60.3836   24.6658    6.0465    0.6203    4.9648   24.5868  1.0000E-10     -0.3497  7.1285E-12
    3.5141    2.0000   60.3836   24.6624    6.0380    0.5386    5.0035   24.5905  1.0000E-10     -0.3497  7.1682E-12
    3.5142    2.0000   60.3836   24.6588    6.0256    0.4587    5.0403   24.5944  1.0000E-10     -0.3497  7.2018E-12
    3.5142    2.0000   60.3836   24.6549    6.0059    0.3812    5.0742   24.5990  1.0000E-10     -0.3497  7.2310E-12
    3.5143    2.0000   60.3836   24.6503    5.9712    0.3073    5.1024   24.6047  1.0000E-10     -0.3497  7.2577E-12
    3.5143    2.0000   60.3836   24.6439    5.8985    0.2400    5.1179   24.6137  1.0000E-10     -0.3497  7.2863E-12
    3.5145    7.0000   24.6303   24.6303    5.8282    0.2106    5.1150    0.0000  2.4630E+01      3.5145  1.4474E-11
    3.5234    7.0000   24.3840   24.3840    5.8260    0.2089    5.1153    0.0000  2.4384E+01      3.5145  1.4710E-11
    3.5323    7.0000   24.1401   24.1401    5.8237    0.2073    5.1156    0.0000  2.4140E+01      3.5145  1.4950E-11
    3.5412    7.0000   23.8987   23.8987    5.8213    0.2056    5.1158    0.0000  2.3899E+01      3.5144  1.5192E-11
    3.5501    7.0000   23.6597   23.6597    5.8188    0.2039    5.1160    0.0000  2.3660E+01      3.5142  1.5438E-11
    3.5589    7.0000   23.4232   23.4232    5.8162    0.2023    5.1162    0.0000  2.3423E+01      3.5140  1.5687E-11
    3.5678    7.0000   23.1889   23.1889    5.8135    0.2006    5.1163    0.0000  2.3189E+01      3.5138  1.5940E-11
    3.5766    7.0000   22.9570   22.9570    5.8108    0.1990    5.1165    0.0000  2.2957E+01      3.5135  1.6196E-11
    3.5854    7.0000   22.7275   22.7275    5.8079    0.1974    5.1166    0.0000  2.2727E+01      3.5132  1.6455E-11
    3.5942    7.0000   22.5002   22.5002    5.8050    0.1958    5.1166    0.0000  2.2500E+01      3.5128  1.6718E-11
    3.6031    7.0000   22.2752   22.2752    5.8020    0.1942    5.1167    0.0000  2.2275E+01      3.5123  1.6984E-11
    3.6119    7.0000   22.0524   22.0524    5.7990    0.1926    5.1167    0.0000  2.2052E+01      3.5118  1.7254E-11
    3.6207    7.0000   21.8319   21.8319    5.7959    0.1910    5.1167    0.0000  2.1832E+01      3.5113  1.7528E-11
    3.6296    7.0000   21.6136   21.6136    5.7927    0.1894    5.1167    0.0000  2.1614E+01      3.5107  1.7805E-11
    3.6384    7.0000   21.3975   21.3975    5.7894    0.1878    5.1167    0.0000  2.1397E+01      3.5100  1.8087E-11
    3.6473    7.0000   21.1835   21.1835    5.7861    0.1863    5.1166    0.0000  2.1183E+01      3.5093  1.8373E-11
    3.6561    7.0000   20.9716   20.9716    5.7827    0.1847    5.1166    0.0000  2.0972E+01      3.5086  1.8663E-11
    3.6650    7.0000   20.7619   20.7619    5.7792    0.1831    5.1165    0.0000  2.0762E+01      3.5078  1.8958E-11
    3.6739    7.0000   20.5543   20.5543    5.7757    0.1816    5.1164    0.0000  2.0554E+01      3.5069  1.9257E-11
    3.6828    7.0000   20.3488   20.3488    5.7721    0.1800    5.1163    0.0000  2.0349E+01      3.5060  1.9562E-11
    3.6918    7.0000   20.1453   20.1453    5.7685    0.1784    5.1162    0.0000  2.0145E+01      3.5050  1.9873E-11
    3.7007    7.0000   19.9438   19.9438    5.7648    0.1768    5.1161    0.0000  1.9944E+01      3.5040  2.0190E-11
    3.7097    7.0000   19.7444   19.7444    5.7611    0.1752    5.1159    0.0000  1.9744E+01      3.5029  2.0515E-11
    3.7187    7.0000   19.5469   19.5469    5.7573    0.1735    5.1158    0.0000  1.9547E+01      3.5017  2.0846E-11
    3.7278    7.0000   19.3515   19.3515    5.7534    0.1719    5.1157    0.0000  1.9351E+01      3.5005  2.1187E-11
    3.7369    7.0000   19.1580   19.1580    5.7495    0.1702    5.1156    0.0000  1.9158E+01      3.4992  2.1537E-11
    3.7460    7.0000   18.9664   18.9664    5.7455    0.1684    5.1155    0.0000  1.8966E+01      3.4979  2.1897E-11
    3.7551    7.0000   18.7767   18.7767    5.7415    0.1666    5.1154    0.0000  1.8777E+01      3.4965  2.2270E-11
    3.7643    7.0000   18.5889   18.5889    5.7375    0.1647    5.1153    0.0000  1.8589E+01      3.4951  2.2656E-11
    3.7735    7.0000   18.4031   18.4031    5.7334    0.1627    5.1153    0.0000  1.8403E+01      3.4936  2.3057E-11
    3.7827    7.0000   18.2190   18.2190    5.7292    0.1606    5.1153    0.0000  1.8219E+01      3.4920  2.3476E-11
    3.7920    7.0000   18.0368   18.0368    5.7250    0.1585    5.1153    0.0000  1.8037E+01      3.4903  2.3915E-11
    3.8013    7.0000   17.8565   17.8565    5.7208    0.1561    5.1154    0.0000  1.7856E+01      3.4886  2.4376E-11
    3.8107    7.0000   17.6779   17.6779    5.7165    0.1537    5.1155    0.0000  1.7678E+01      3.4869  2.4863E-11
    3.8201    7.0000   17.5011   17.5011    5.7121    0.1511    5.1158    0.0000  1.7501E+01      3.4850  2.5380E-11
    3.8296    7.0000   17.3261   17.3261    5.7077    0.1483    5.1161    0.0000  1.7326E+01      3.4831  2.5930E-11
    3.8391    7.0000   17.1529   17.1529    5.7033    0.1452    5.1165    0.0000  1.7153E+01      3.4811  2.6518E-11
    3.8486    7.0000   16.9813   16.9813    5.6988    0.1420    5.1170    0.0000  1.6981E+01      3.4791  2.7151E-11
    3.8582    7.0000   16.8115   16.8115    5.6943    0.1384    5.1176    0.0000  1.6812E+01      3.4770  2.7835E-11
    3.8679    7.0000   16.6434   16.6434    5.6898    0.1345    5.1184    0.0000  1.6643E+01      3.4748  2.8578E-11
    3.8776    7.0000   16.4770   16.4770    5.6852    0.1303    5.1194    0.0000  1.6477E+01      3.4725  2.9389E-11
    3.8874    7.0000   16.3122   16.3122    5.6805    0.1257    5.1206    0.0000  1.6312E+01      3.4702  3.0279E-11
    3.8972    7.0000   16.1491   16.1491    5.6759    0.1206    5.1219    0.0000  1.6149E+01      3.4678  3.1261E-11
    3.9071    7.0000   15.9876   15.9876    5.6711    0.1150    5.1236    0.0000  1.5988E+01      3.4653  3.2352E-11
    3.9171    7.0000   15.8277   15.8277    5.6664    0.1088    5.1255    0.0000  1.5828E+01      3.4627  3.3569E-11
    3.9271    7.0000   15.6694   15.6694    5.6616    0.1020    5.1277    0.0000  1.5669E+01      3.4601  3.4937E-11
    3.9372    7.0000   15.5127   15.5127    5.6567    0.0944    5.1302    0.0000  1.5513E+01      3.4573  3.6485E-11
    3.9473    7.0000   15.3576   15.3576    5.6519    0.0860    5.1332    0.0000  1.5358E+01      3.4545  3.8248E-11
    3.9477    7.0000   15.3521   15.3521    5.6517    0.0857    5.1333    0.0000  1.5352E+01      3.4544  3.8316E-11
    3.9477    7.0000   15.3521   15.3521    5.6517    0.0857    5.1333    0.0000  1.5352E+01      3.4544  3.8316E-11
    3.9477    8.0000   15.3521   15.3521    5.6517    0.0857    5.1333   11.2620  1.0000E-10      3.4544  2.0594E-10
    3.9485    8.0000   15.3521   15.3403    5.6571    0.0868    5.1341   11.2903  1.0000E-10      3.4544  2.0754E-10
    3.9493    8.0000   15.3521   15.3284    5.6626    0.0880    5.1349   11.3187  1.0000E-10      3.4544  2.0918E-10
    3.9500    8.0000   15.3521   15.3164    5.6681    0.0891    5.1357   11.3472  1.0000E-10      3.4544  2.1086E-10
    3.9508    8.0000   15.3521   15.3043    5.6735    0.0902    5.1365   11.3757  1.0000E-10      3.4544  2.1259E-10
    3.9516    8.0000   15.3521   15.2921    5.6790    0.0914    5.1373   11.4043  1.0000E-10      3.4544  2.1436E-10
    3.9523    8.0000   15.3521   15.2798    5.6844    0.0925    5.1381   11.4330  1.0000E-10      3.4544  2.1618E-10
    3.9530    8.0000   15.3521   15.2674    5.6899    0.0937    5.1389   11.4618  1.0000E-10      3.4544  2.1805E-10
    3.9538    8.0000   15.3521   15.2548    5.6953    0.0948    5.1397   11.4906  1.0000E-10      3.4544  2.1997E-10
    3.9544   14.0000   15.3521   15.2432  -10.0000   -4.1896    3.3580   15.2432  1.0000E-10      3.9544  2.0000E+08
    4.0544   14.0000   15.3521   15.2432  -10.0000   -4.1896    3.3580   15.2432  1.0000E-10      3.9544  2.0000E+08
    5.0544   14.0000   15.3521   15.2432  -10.0000   -4.1896    3.3580   15.2432  1.0000E-10      3.9544  2.0000E+08
   15.0544   14.0000   15.3521   15.2432  -10.0000   -4.1896    3.3580   15.2432  1.0000E-10      3.9544  2.0000E+08
  115.0544   14.0000   15.3521   15.2432  -10.0000   -4.1896    3.3580   15.2432  1.0000E-10      3.9544  2.0000E+08
  615.0544   14.0000   15.3521   15.2432  -10.0000   -4.1896    3.3580   15.2432  1.0000E-10      3.9544  2.0000E+08
 1115.0544   14.0000   15.3521   15.2432  -10.0000   -4.1896    3.3580   15.2432  1.0000E-10      3.9544  2.0000E+08
 1615.0544   14.0000   15.3521   15.2432  -10.0000   -4.1896    3.3580   15.2432  1.0000E-10      3.9544  2.0000E+08
 2115.0544   14.0000   15.3521   15.2432  -10.0000   -4.1896    3.3580   15.2432  1.0000E-10      3.9544  2.0000E+08
 2615.0544   14.0000   15.3521   15.2432  -10.0000   -4.1896    3.3580   15.2432  1.0000E-10      3.9544  2.0000E+08
 3115.0544   14.0000   15.3521   15.2432  -10.0000   -4.1896    3.3580   15.2432  1.0000E-10      3.9544  2.0000E+08
 3615.0544   14.0000   15.3521   15.2432  -10.0000   -4.1896    3.3580   15.2432  1.0000E-10      3.9544  2.0000E+08
 4115.0542   14.0000   15.3521   15.2432  -10.0000   -4.1896    3.3580   15.2432  1.0000E-10      3.9544  2.0000E+08
 4615.0542   14.0000   15.3521   15.2432  -10.0000   -4.1896    3.3580   15.2432  1.0000E-10      3.9544  2.0000E+08
 5115.0542   14.0000   15.3521   15.2432  -10.0000   -4.1896    3.3580   15.2432  1.0000E-10      3.9544  2.0000E+08
 5615.0542   14.0000   15.3521   15.2432  -10.0000   -4.1896    3.3580   15.2432  1.0000E-10      3.9544  2.0000E+08
 6115.0542   14.0000   15.3521   15.2432  -10.0000   -4.1896    3.3580   15.2432  1.0000E-10      3.9544  2.0000E+08
 6615.0542   14.0000   15.3521   15.2432  -10.0000   -4.1896    3.3580   15.2432  1.0000E-10      3.9544  2.0000E+08
 7115.0542   14.0000   15.3521   15.2432  -10.0000   -4.1896    3.3580   15.2432  1.0000E-10      3.9544  2.0000E+08
 7615.0542   14.0000   15.3521   15.2432  -10.0000   -4.1896    3.3580   15.2432  1.0000E-10      3.9544  2.0000E+08
 8115.0542   14.0000   15.3521   15.2432  -10.0000   -4.1896    3.3580   15.2432  1.0000E-10      3.9544  2.0000E+08
 8615.0547   14.0000   15.3521   15.2432  -10.0000   -4.1896    3.3580   15.2432  1.0000E-10      3.9544  2.0000E+08
 9115.0547   14.0000   15.3521   15.2432  -10.0000   -4.1896    3.3580   15.2432  1.0000E-10      3.9544  2.0000E+08
 9615.0547   14.0000   15.3521   15.2432  -10.0000   -4.1896    3.3580   15.2432  1.0000E-10      3.9544  2.0000E+08
10115.0547   14.0000   15.3521   15.2432  -10.0000   -4.1896    3.3580   15.2432  1.0000E-10      3.9544  2.0000E+08
10615.0547   14.0000   15.3521   15.2432  -10.0000   -4.1896    3.3580   15.2432  1.0000E-10      3.9544  2.0000E+08
11115.0547   14.0000   15.3521   15.2432  -10.0000   -4.1896    3.3580   15.2432  1.0000E-10      3.9544  2.0000E+08
11615.0547   14.0000   15.3521   15.2432  -10.0000   -4.1896    3.3580   15.2432  1.0000E-10      3.9544  2.0000E+08
12000.0000   14.0000   15.3521   15.2432  -10.0000   -4.1896    3.3580   15.2432  1.0000E-10      3.9544  2.0000E+08
   -1.0000   14.0000   15.3521   15.2432  -10.0000   -4.1896    3.3580   15.2432  1.0000E-10      3.9544  2.0000E+08
